State 12479
9829.5	8201.1
100	64

State 12196
8472.3	8201.1
45	100

State 12088
7396.0	6978.3
79	100

State 11570
8472.3	7396.0
100	82

State 11457
4901.44
100

State 11329.11
6978.3	7396
56	100

State 11191
7950.0	5715.91
72	100

State 11153.5
0	1808.74	3588.56	4332.52	4972.30
100	4.2	16	11.2	14

State 11012
4901.44	4318.89
61	100

State 10949.1
0	1808.74	2938.33	3588.56	4332.52
24	100	23.7	8.2	18.9

State 10945
8625	9169	9383
48	100	16

State 10805.9
0	1808.74
28	100

State 10767
2938.33
45

State 10707
5715.91
100

State 10693
7396.0
100

State 10650
9169	7396.0
56	100

State 10647.3
0	1808.74	2938.33	4972.30	5291.74	7099.68
100	1.76	7.3	1.84	1.84	1.41

State 10600.1
2938.33	4332.52	7099.68
39	100	0.06

State 10576
8532.1 6978.3
85	100

State 10573.3
0	4972.30
89	100

State 10529
4332.52	5715.91
67	100

State 10377
5715.91
100

State 10362.26
1808.74	5476.05	7099.68
100	46	62

State 10349.4
1808.74
100

State 10319.5
0	2938.33
100	67

State 10234
4901.44
100

State 10219.9
1808.74
100

State 10184
4901.44
100

State 10147.1
0	1808.74
100	43

State 10126.7
1808.74	2938.33
100	52

State 10102.5
0	2938.33
100	35

State 10069
4901.44
100

State 10040
4318.89	4901.44	5715.91
71	51	100

State 9989
4318.89	6978.3	8472.3
20	100	25

State 9967
2938.33	4901.44
67	100

State 9939
4318.89
100

State 9927
4901.44
100

State 9900.3
2938.33
100

State 9856.8
0	4332.52	4835.13
43	100	62

State 9829.5
7396.0	8201.1	8472.3
5.6	100	6.7

State 9814
4318.89
100

State 9771
4318.89	4901.44
100	100

State 9770.8
0	1808.74
100	69

State 9681
1808.74
100

State 9617.0
1808.74
100

State 9590
1808.74	2938.33
67	100

State 9574.06
6876.42	7282.82
100	14.0

State 9563
0	1808.74
100	49

State 9540.3
4318.89	4901.44	5715.91	6978.3
100	34	23	5.3

State 9427.8
1808.74	2938.33
33	100

State 9383
4318.89	5715.91	6622.94	6978.3	8201.1
28	100	38	74	15


State 9325.57
2938.33	4332.52	4835.13	4901.44
100	48	27	27

State 9316
4332.52
100

State 9304
4318.89
100

State 9291
1808.74
100

State 9238.9
0	3588.56
100	23

State 9206
4318.89
100

State 9169
7950.0	7396.0	7282.82	6978.3
100	39	24	22

State 9139.5
0
100

State 9111.2
4318.89	4901.44	5476.06	6622.94	7396.0
36	32	100	16	16

State 9064
4318.89	4901.44 7396.0
100	26	26

State 9043.4
2938.33
100

State 9020
4318.89
100

State 8959.4
0	1808.74
100	64

State 8930
5476.05	5715.91	6622.94
75	100	50

State 8903.52
2938.33	4901.44	5291.74	7261.40	7282.82	7348.86
36	30	30	22	21	7.9

State 8863.6
2938.33	1808.74
100	69

State 8705.6
2938.33	4318.89	5476.05
29	100	29

State 8670
4318.89	5476.05
100	54

State 8625
4318.89	6622.94
18	100

State 8532.1
1808.74	2938.33	4350.09
47	100	66

State 8503.7
0	1808.74
100	39

State 8472.3
4318.89	4901.44	6978.3
21	100	38

State 8464
4318.89
100

State 8458.9
4318.89	1808.74
55	100

State 8250.58
1808.74	2938.33
3.9	100

State 8227.31
1808.74	0
85	100

State 8201.1
4318.89	4901.44	6978.3
100	78	44

State 8184.93
1808.74	2938.33
100	28

State 8052.4
1808.74
100

State 8034
2938.33
100

State 7950.0
4318.89	5715.91
100	47

State 7840
1808.74	2938.33	3588.56	4318.89
23	63	100	47

State 7824
1808.74	2938.33
50	100

State 7817.8
1808.74	4332.52
100	67

State 7773.7
2938.33	4318.89	4835.13	5476.05
20	20	30	30

State 7725.8
1808.74	4318.89
20	100

State 7696.8
0	1808.74	2938.33
100	17	37

State 7677
4318.89	4901.44	5715.91
29	44	100

State 7541.71
1808.74	2938.33	4332.52
39	84	100

State 7396.0
4318.89	4901.44	5715.91
14	36	100

State 7371.36
0	1808.74	4332.52	5291.74
54	27	6.3	5.1

State 7348.86
1808.74	2938.33	4318.89	4332.52	4835.13	5476.05
31.5	100	3.2	11.9	42	1.5

State 7282.82
3941.57	4318.89	4350.09	4901.44	5715.91
100	62	18.2	10.2	9.2

State 7261.40
1808.74	2938.33	4332.52	4835.13
100	15.2	9.4	25.1

State 7246.49
1808.74	2938.33	4318.89	4332.52	4835.13	5291.74
3.6	42	22	59	100	11

State 7099.68
0	1808.74	2938.33	4835.13
10	32	100	40

State 7061.90
0	1808.74	2938.33	3588.56
100	56	28	94

State 6978.3
4318.89	4901.44	5476.05	5715.91
34	22	100	8


State 6876.42
1808.74	2938.33	4318.89	4332.52	4835.13
100	26.2	4.4	6.1	4.7

State 6745.13
0	1808.74	2938.33	5291.74
1.9	99	100	24

State 6634.2
1808.74	2938.33
6	100

State 6622.94
5476.05	4901.44	4332.52	4318.89	1808.74
19	100	26.2	37.6	3.8

State 6256.2
5691.08	1808.74
8	100

State 6125.47
1808.74	2938.33	4332.52	4835.13	4901.44	5291.74	5715.91
4.8	5.8	6.5	5.2	1.3	3.4	0.10

State 5715.91
1808.74	2938.33	4332.52	5291.74	5476.05
3.35	51.4	4.41	0.38	2.16

State 5711.2
3588.56
100

State 5691.1
0	1808.74	2938.33	4332.52
11	100	46	6

State 5476.05
1808.74	4318.89	4835.13
25	100	19

State 5291.74
0	1808.74	2938.33	4835.13
3.9	6.6	100	1.9

State 4972.30
1808.74	2938.33
8	100

State 4901.44
1808.74	2938.33	4318.89	4332.52
100	1.89	0.88	0.67

State 4835.13
0	1808.74	2938.33	4332.52
10.8	4.19	100	2.65

State 4644.9
1808.74
100

State 4350.09
1808.74	2938.33
100	93

State 4332.52
0	1808.74	2938.33
7.6	100	19.3

State 4318.89
1808.74	2938.33
100	1.85

State 3941.57
1808.74	2938.33
61.3	 100

State 3588.56
1808.74
100

State 3564.9
1808.74
100

State 3420.2
1808.74
100

State 3082.9
1808.74
100

State 2938.33
0	1808.74
10.7		100

State 1808.74
0
100
